width: 1280
height: 720
model: Inverse Brown Conrady
[k1, k2, p1, p2, k3]: [-0.0552693, 0.0640992, 0.000381616, 0.0014081, -0.0204479]
fx: 641.247
fy: 640.454
ppx: 651.811
ppy: 360.003
